mois,mensualite,interet,principal,reste
1,837.08,596.63,240.45,142951.06
2,837.08,595.63,241.45,142709.61
3,837.08,594.62,242.46,142467.15
4,837.08,593.61,243.47,142223.68
5,837.08,592.6,244.48,141979.19
6,837.08,591.58,245.5,141733.69
7,837.08,590.56,246.53,141487.16
8,837.08,589.53,247.55,141239.61
9,837.08,588.5,248.58,140991.03
10,837.08,587.46,249.62,140741.4
11,837.08,586.42,250.66,140490.74
12,837.08,585.38,251.71,140239.04
13,837.08,584.33,252.75,139986.28
14,837.08,583.28,253.81,139732.48
15,837.08,582.22,254.86,139477.61
16,837.08,581.16,255.93,139221.69
17,837.08,580.09,256.99,138964.69
18,837.08,579.02,258.06,138706.63
19,837.08,577.94,259.14,138447.49
20,837.08,576.86,260.22,138187.27
21,837.08,575.78,261.3,137925.97
22,837.08,574.69,262.39,137663.58
23,837.08,573.6,263.49,137400.09
24,837.08,572.5,264.58,137135.51
25,837.08,571.4,265.69,136869.82
26,837.08,570.29,266.79,136603.03
27,837.08,569.18,267.9,136335.13
28,837.08,568.06,269.02,136066.11
29,837.08,566.94,270.14,135795.97
30,837.08,565.82,271.27,135524.7
31,837.08,564.69,272.4,135252.3
32,837.08,563.55,273.53,134978.77
33,837.08,562.41,274.67,134704.1
34,837.08,561.27,275.82,134428.28
35,837.08,560.12,276.97,134151.32
36,837.08,558.96,278.12,133873.2
37,837.08,557.8,279.28,133593.92
38,837.08,556.64,280.44,133313.48
39,837.08,555.47,281.61,133031.87
40,837.08,554.3,282.78,132749.08
41,837.08,553.12,283.96,132465.12
42,837.08,551.94,285.15,132179.97
43,837.08,550.75,286.33,131893.64
44,837.08,549.56,287.53,131606.11
45,837.08,548.36,288.72,131317.39
46,837.08,547.16,289.93,131027.46
47,837.08,545.95,291.14,130736.33
48,837.08,544.73,292.35,130443.98
49,837.08,543.52,293.57,130150.41
50,837.08,542.29,294.79,129855.62
51,837.08,541.07,296.02,129559.6
52,837.08,539.83,297.25,129262.35
53,837.08,538.59,298.49,128963.86
54,837.08,537.35,299.73,128664.13
55,837.08,536.1,300.98,128363.14
56,837.08,534.85,302.24,128060.91
57,837.08,533.59,303.5,127757.41
58,837.08,532.32,304.76,127452.65
59,837.08,531.05,306.03,127146.62
60,837.08,529.78,307.31,126839.31
61,837.08,528.5,308.59,126530.73
62,837.08,527.21,309.87,126220.86
63,837.08,525.92,311.16,125909.69
64,837.08,524.62,312.46,125597.23
65,837.08,523.32,313.76,125283.47
66,837.08,522.01,315.07,124968.4
67,837.08,520.7,316.38,124652.02
68,837.08,519.38,317.7,124334.32
69,837.08,518.06,319.02,124015.3
70,837.08,516.73,320.35,123694.94
71,837.08,515.4,321.69,123373.26
72,837.08,514.06,323.03,123050.23
73,837.08,512.71,324.37,122725.85
74,837.08,511.36,325.73,122400.13
75,837.08,510.0,327.08,122073.05
76,837.08,508.64,328.45,121744.6
77,837.08,507.27,329.81,121414.79
78,837.08,505.89,331.19,121083.6
79,837.08,504.51,332.57,120751.03
80,837.08,503.13,333.95,120417.08
81,837.08,501.74,335.35,120081.73
82,837.08,500.34,336.74,119744.99
83,837.08,498.94,338.15,119406.84
84,837.08,497.53,339.55,119067.29
85,837.08,496.11,340.97,118726.32
86,837.08,494.69,342.39,118383.93
87,837.08,493.27,343.82,118040.11
88,837.08,491.83,345.25,117694.86
89,837.08,490.4,346.69,117348.17
90,837.08,488.95,348.13,117000.04
91,837.08,487.5,349.58,116650.46
92,837.08,486.04,351.04,116299.42
93,837.08,484.58,352.5,115946.91
94,837.08,483.11,353.97,115592.94
95,837.08,481.64,355.45,115237.5
96,837.08,480.16,356.93,114880.57
97,837.08,478.67,358.41,114522.16
98,837.08,477.18,359.91,114162.25
99,837.08,475.68,361.41,113800.84
100,837.08,474.17,362.91,113437.93
101,837.08,472.66,364.43,113073.5
102,837.08,471.14,365.94,112707.56
103,837.08,469.61,367.47,112340.09
104,837.08,468.08,369.0,111971.09
105,837.08,466.55,370.54,111600.55
106,837.08,465.0,372.08,111228.47
107,837.08,463.45,373.63,110854.84
108,837.08,461.9,375.19,110479.65
109,837.08,460.33,376.75,110102.9
110,837.08,458.76,378.32,109724.58
111,837.08,457.19,379.9,109344.68
112,837.08,455.6,381.48,108963.2
113,837.08,454.01,383.07,108580.13
114,837.08,452.42,384.67,108195.47
115,837.08,450.81,386.27,107809.2
116,837.08,449.2,387.88,107421.32
117,837.08,447.59,389.49,107031.82
118,837.08,445.97,391.12,106640.71
119,837.08,444.34,392.75,106247.96
120,837.08,442.7,394.38,105853.58
121,837.08,441.06,396.03,105457.55
122,837.08,439.41,397.68,105059.87
123,837.08,437.75,399.33,104660.54
124,837.08,436.09,401.0,104259.54
125,837.08,434.41,402.67,103856.87
126,837.08,432.74,404.35,103452.53
127,837.08,431.05,406.03,103046.49
128,837.08,429.36,407.72,102638.77
129,837.08,427.66,409.42,102229.35
130,837.08,425.96,411.13,101818.22
131,837.08,424.24,412.84,101405.38
132,837.08,422.52,414.56,100990.82
133,837.08,420.8,416.29,100574.53
134,837.08,419.06,418.02,100156.51
135,837.08,417.32,419.76,99736.75
136,837.08,415.57,421.51,99315.23
137,837.08,413.81,423.27,98891.96
138,837.08,412.05,425.03,98466.93
139,837.08,410.28,426.8,98040.12
140,837.08,408.5,428.58,97611.54
141,837.08,406.71,430.37,97181.17
142,837.08,404.92,432.16,96749.01
143,837.08,403.12,433.96,96315.05
144,837.08,401.31,435.77,95879.28
145,837.08,399.5,437.59,95441.69
146,837.08,397.67,439.41,95002.28
147,837.08,395.84,441.24,94561.04
148,837.08,394.0,443.08,94117.96
149,837.08,392.16,444.93,93673.04
150,837.08,390.3,446.78,93226.26
151,837.08,388.44,448.64,92777.62
152,837.08,386.57,450.51,92327.11
153,837.08,384.7,452.39,91874.72
154,837.08,382.81,454.27,91420.45
155,837.08,380.92,456.16,90964.28
156,837.08,379.02,458.07,90506.22
157,837.08,377.11,459.97,90046.24
158,837.08,375.19,461.89,89584.35
159,837.08,373.27,463.82,89120.54
160,837.08,371.34,465.75,88654.79
161,837.08,369.39,467.69,88187.1
162,837.08,367.45,469.64,87717.46
163,837.08,365.49,471.59,87245.87
164,837.08,363.52,473.56,86772.31
165,837.08,361.55,475.53,86296.78
166,837.08,359.57,477.51,85819.27
167,837.08,357.58,479.5,85339.76
168,837.08,355.58,481.5,84858.26
169,837.08,353.58,483.51,84374.76
170,837.08,351.56,485.52,83889.23
171,837.08,349.54,487.54,83401.69
172,837.08,347.51,489.58,82912.11
173,837.08,345.47,491.62,82420.5
174,837.08,343.42,493.66,81926.83
175,837.08,341.36,495.72,81431.11
176,837.08,339.3,497.79,80933.32
177,837.08,337.22,499.86,80433.46
178,837.08,335.14,501.94,79931.52
179,837.08,333.05,504.04,79427.48
180,837.08,330.95,506.14,78921.35
181,837.08,328.84,508.24,78413.1
182,837.08,326.72,510.36,77902.74
183,837.08,324.59,512.49,77390.25
184,837.08,322.46,514.62,76875.63
185,837.08,320.32,516.77,76358.86
186,837.08,318.16,518.92,75839.94
187,837.08,316.0,521.08,75318.85
188,837.08,313.83,523.25,74795.6
189,837.08,311.65,525.43,74270.17
190,837.08,309.46,527.62,73742.54
191,837.08,307.26,529.82,73212.72
192,837.08,305.05,532.03,72680.69
193,837.08,302.84,534.25,72146.44
194,837.08,300.61,536.47,71609.97
195,837.08,298.37,538.71,71071.26
196,837.08,296.13,540.95,70530.31
197,837.08,293.88,543.21,69987.1
198,837.08,291.61,545.47,69441.63
199,837.08,289.34,547.74,68893.89
200,837.08,287.06,550.03,68343.86
201,837.08,284.77,552.32,67791.54
202,837.08,282.46,554.62,67236.92
203,837.08,280.15,556.93,66679.99
204,837.08,277.83,559.25,66120.74
205,837.08,275.5,561.58,65559.16
206,837.08,273.16,563.92,64995.24
207,837.08,270.81,566.27,64428.97
208,837.08,268.45,568.63,63860.34
209,837.08,266.08,571.0,63289.35
210,837.08,263.71,573.38,62715.97
211,837.08,261.32,575.77,62140.2
212,837.08,258.92,578.17,61562.04
213,837.08,256.51,580.57,60981.46
214,837.08,254.09,582.99,60398.47
215,837.08,251.66,585.42,59813.04
216,837.08,249.22,587.86,59225.18
217,837.08,246.77,590.31,58634.87
218,837.08,244.31,592.77,58042.1
219,837.08,241.84,595.24,57446.86
220,837.08,239.36,597.72,56849.14
221,837.08,236.87,600.21,56248.92
222,837.08,234.37,602.71,55646.21
223,837.08,231.86,605.22,55040.99
224,837.08,229.34,607.75,54433.24
225,837.08,226.81,610.28,53822.96
226,837.08,224.26,612.82,53210.14
227,837.08,221.71,615.37,52594.77
228,837.08,219.14,617.94,51976.83
229,837.08,216.57,620.51,51356.32
230,837.08,213.98,623.1,50733.22
231,837.08,211.39,625.69,50107.52
232,837.08,208.78,628.3,49479.22
233,837.08,206.16,630.92,48848.3
234,837.08,203.53,633.55,48214.75
235,837.08,200.89,636.19,47578.56
236,837.08,198.24,638.84,46939.72
237,837.08,195.58,641.5,46298.22
238,837.08,192.91,644.17,45654.05
239,837.08,190.23,646.86,45007.19
240,837.08,187.53,649.55,44357.64
241,837.08,184.82,652.26,43705.38
242,837.08,182.11,654.98,43050.4
243,837.08,179.38,657.71,42392.69
244,837.08,176.64,660.45,41732.25
245,837.08,173.88,663.2,41069.05
246,837.08,171.12,665.96,40403.08
247,837.08,168.35,668.74,39734.35
248,837.08,165.56,671.52,39062.82
249,837.08,162.76,674.32,38388.5
250,837.08,159.95,677.13,37711.37
251,837.08,157.13,679.95,37031.42
252,837.08,154.3,682.79,36348.63
253,837.08,151.45,685.63,35663.0
254,837.08,148.6,688.49,34974.51
255,837.08,145.73,691.36,34283.16
256,837.08,142.85,694.24,33588.92
257,837.08,139.95,697.13,32891.79
258,837.08,137.05,700.03,32191.76
259,837.08,134.13,702.95,31488.81
260,837.08,131.2,705.88,30782.93
261,837.08,128.26,708.82,30074.11
262,837.08,125.31,711.77,29362.33
263,837.08,122.34,714.74,28647.59
264,837.08,119.36,717.72,27929.87
265,837.08,116.37,720.71,27209.16
266,837.08,113.37,723.71,26485.45
267,837.08,110.36,726.73,25758.72
268,837.08,107.33,729.76,25028.97
269,837.08,104.29,732.8,24296.17
270,837.08,101.23,735.85,23560.32
271,837.08,98.17,738.92,22821.41
272,837.08,95.09,741.99,22079.41
273,837.08,92.0,745.09,21334.33
274,837.08,88.89,748.19,20586.14
275,837.08,85.78,751.31,19834.83
276,837.08,82.65,754.44,19080.39
277,837.08,79.5,757.58,18322.81
278,837.08,76.35,760.74,17562.07
279,837.08,73.18,763.91,16798.16
280,837.08,69.99,767.09,16031.07
281,837.08,66.8,770.29,15260.79
282,837.08,63.59,773.5,14487.29
283,837.08,60.36,776.72,13710.57
284,837.08,57.13,779.96,12930.61
285,837.08,53.88,783.21,12147.41
286,837.08,50.61,786.47,11360.94
287,837.08,47.34,789.75,10571.19
288,837.08,44.05,793.04,9778.16
289,837.08,40.74,796.34,8981.82
290,837.08,37.42,799.66,8182.16
291,837.08,34.09,802.99,7379.17
292,837.08,30.75,806.34,6572.83
293,837.08,27.39,809.7,5763.13
294,837.08,24.01,813.07,4950.06
295,837.08,20.63,816.46,4133.6
296,837.08,17.22,819.86,3313.74
297,837.08,13.81,823.28,2490.47
298,837.08,10.38,826.71,1663.76
299,837.08,6.93,830.15,833.61
300,837.08,3.47,833.61,0
